cluster	gene	avg_log2FC	pct.1	pct.2	p_val_adj
0	COMP	2.77572330864141	0.484	0.083	0
0	ITGBL1	2.54400810992438	0.478	0.112	0
0	C1QTNF7	2.49622563353589	0.43	0.116	0
0	PCOLCE2	2.393260621535	0.761	0.241	0
0	COL5A3	2.23955315873279	0.254	0.072	0
0	MXRA5	2.21622550649871	0.517	0.162	0
0	SVEP1	2.20476627538334	0.284	0.086	0
0	LTBP2	2.18683259187644	0.756	0.272	0
0	DPT	2.17376327166856	0.906	0.349	0
0	LMO3	2.15652562081552	0.291	0.087	0
1	PTGDS	3.5599271008405	0.931	0.298	0
1	HOOK1	3.4299300500466	0.372	0.053	0
1	NAV3	3.01935021587005	0.259	0.04	0
1	PLA2G2A	2.93477646656771	0.432	0.106	0
1	BMPER	2.92562719059072	0.429	0.067	0
1	IGSF21	2.91155035210516	0.279	0.041	0
1	SRD5A2	2.9065943518061	0.374	0.061	0
1	RP11-92A5.2	2.79046287582202	0.255	0.041	0
1	PPM1L	2.70959455061921	0.531	0.125	0
1	SIM1	2.69798246293794	0.389	0.07	0
2	CCL14	3.3050172547398	0.97	0.225	0
2	RASA4	3.03306704585451	0.509	0.083	0
2	RAB38	3.01081979060861	0.378	0.056	0
2	FAM167B	2.87645362975414	0.425	0.068	0
2	HAPLN3	2.81395603562928	0.477	0.085	0
2	AKR1C2	2.74586952900531	0.913	0.348	0
2	SNCA	2.60258162188649	0.333	0.062	0
2	HRCT1	2.55570818553765	0.549	0.137	0
2	HLA-DQA2	2.48901653152568	0.405	0.04	0
2	ROBO4	2.47316665383239	0.574	0.129	0
3	EGLN3	3.03091099582847	0.456	0.087	0
3	SCNN1B	2.93617869121602	0.312	0.055	0
3	C6orf141	2.78928218413318	0.262	0.051	0
3	ACKR4	2.58060509581686	0.598	0.162	0
3	VWF	2.53487243821126	0.982	0.364	0
3	KIT	2.52890087980874	0.313	0.069	0
3	F8	2.48763674115507	0.338	0.086	0
3	CHRM3	2.45792300894535	0.486	0.12	0
3	SOX18	2.45081067830015	0.764	0.195	0
3	ITGA10	2.44352413810339	0.473	0.126	0
4	RERGL	6.31264316787312	0.948	0.073	0
4	ACAN	6.06176962232649	0.621	0.02	0
4	NRIP2	5.68957011875191	0.274	0.007	0
4	PGAM2	5.65791863476352	0.549	0.023	0
4	LINGO1	5.47467625025532	0.281	0.009	0
4	RGS5	5.47443737204928	0.986	0.208	0
4	LRRC10B	5.47122596192812	0.26	0.009	0
4	ADRA2A	5.43739574547135	0.587	0.023	0
4	SUSD5	5.16935979805031	0.47	0.021	0
4	KCNA5	5.13881597415795	0.361	0.015	0
5	KCNH2	6.41668766238647	0.32	0.004	0
5	DES	6.19429614032179	0.992	0.22	0
5	PNCK	5.8664739922278	0.4	0.008	0
5	ACTC1	5.8262307476115	0.465	0.015	0
5	HSD17B6	5.44499411323337	0.58	0.017	0
5	MYLPF	5.27900933462053	0.548	0.03	0
5	ACTG2	5.22103819395545	0.99	0.211	0
5	WFDC2	5.19568223093326	0.853	0.073	0
5	TMEM158	5.10024993160593	0.286	0.009	0
5	CHRDL2	4.99717814135907	0.257	0.008	0
6	DNAJB1	3.52041164998627	0.876	0.375	0
6	UBE2S	3.13048731969306	0.756	0.258	0
6	ADH1B	2.92853255050409	0.446	0.071	0
6	MTRNR2L12	2.87083907441576	0.856	0.122	0
6	MTRNR2L8	2.6712131547585	0.777	0.091	0
6	HSPA1B	2.63541428862254	0.844	0.42	0
6	IRF1	2.62836370727728	0.757	0.351	0
6	GEM	2.60142739143557	0.533	0.164	0
6	HSPA1A	2.53472031193768	0.892	0.627	0
6	HSPH1	2.52907906425949	0.648	0.279	0
7	MEST	3.37174315330925	0.318	0.037	0
7	EGR3	3.26193502647263	0.741	0.166	0
7	NFKBID	3.14115105499944	0.546	0.082	0
7	PCDH15	3.09795500571884	0.273	0.036	0
7	DUSP5	2.85960368698837	0.648	0.162	0
7	CLDN10	2.83321194404802	0.368	0.061	0
7	IFI44L	2.79978287359723	0.582	0.15	0
7	FAM84A	2.76172132443931	0.761	0.164	0
7	PROX1	2.71748814329954	0.449	0.09	0
7	CHST1	2.67754507181571	0.519	0.106	0
8	SELE	5.37296534997923	0.407	0.023	0
8	SOX17	4.33486726225334	0.54	0.057	0
8	FAM110D	4.14145738764242	0.748	0.096	0
8	C2CD4B	4.06885706298232	0.399	0.038	0
8	RP4-549L20.3	3.95248822832436	0.302	0.024	0
8	PNP	3.79327372385647	0.79	0.129	0
8	RND1	3.77895238328614	0.4	0.04	0
8	ADAMTS4	3.77243208119478	0.472	0.051	0
8	FOSL1	3.70011076480716	0.458	0.042	0
8	CSF3	3.58417626454645	0.309	0.036	0
9	NTM	3.47003775140946	0.364	0.031	0
9	IRX5	2.93470943486016	0.303	0.042	0
9	RARRES1	2.52538718862293	0.883	0.313	0
9	ABCA6	2.47818301806338	0.773	0.201	0
9	CYP4B1	2.40081276845787	0.412	0.086	0
9	ABCA9	2.38833973729791	0.514	0.12	0
9	HHIP	2.27550351080886	0.305	0.066	0
9	EVC2	2.27540999497728	0.262	0.053	0
9	TMC3	2.2381389118889	0.579	0.136	0
9	SLITRK4	2.17355397140238	0.501	0.132	0
10	CYTL1	3.77302349801592	0.303	0.091	6.86193957655586e-293
10	RPRM	3.68889284358597	0.37	0.042	0
10	TNFRSF12A	3.23098831088087	0.807	0.209	0
10	DEFB1	2.9286572088911	0.636	0.086	0
10	PENK	2.76019088447634	0.323	0.071	0
10	CTGF	2.54897254088879	0.877	0.492	0
10	RASD1	2.54823767437038	0.696	0.265	0
10	SERPINE1	2.44952638511749	0.437	0.156	0
10	ADGRD1	2.42112568944817	0.408	0.086	0
10	NOVA1	2.40139974827302	0.868	0.265	0
11	IL1RL1	5.59236173400276	0.292	0.011	0
11	HLA-DRB5	3.06479995781721	0.919	0.126	0
11	TRGC2	2.87093804758606	0.342	0.037	0
11	KRT18	2.80986136361794	0.278	0.053	0
11	CSF3	2.8025358055757	0.256	0.04	0
11	STC1	2.62548186528776	0.842	0.23	0
11	APOLD1	2.43291356959773	0.97	0.287	0
11	SERPINE1	2.38037619852324	0.551	0.152	0
11	ACKR4	2.34345693197666	0.675	0.171	0
11	PDLIM1	2.33851397378612	0.967	0.544	0
12	PENK	2.8709228971182	0.304	0.074	0
12	PLAU	2.24671327532771	0.273	0.073	1.0411194057892e-267
12	MFAP5	2.16300355122352	0.539	0.177	0
12	KCNK15	2.12735448979697	0.329	0.094	2.91288921636396e-293
12	CRABP2	2.11348425741844	0.613	0.231	0
12	CD248	2.05795275857506	0.699	0.261	0
12	PRRX2	2.01755190722313	0.841	0.345	0
12	THY1	1.97159853864602	0.517	0.185	0
12	COL3A1	1.95571138596305	0.933	0.542	0
12	COL1A1	1.94779836520163	0.921	0.417	0
13	MTRNR2L8	4.23024723880581	0.839	0.1	0
13	PLCG2	3.6836854748661	0.635	0.128	0
13	MTRNR2L12	3.66742115007461	0.882	0.133	0
13	NRARP	2.998247028814	0.406	0.091	0
13	ID1	2.99688174012669	0.911	0.406	0
13	TNFRSF10D	2.80780310433656	0.38	0.12	1.05387276828452e-293
13	NFKBID	2.6284626640429	0.369	0.093	0
13	PCAT19	2.44175477322446	0.473	0.149	0
13	DNASE1L3	2.4119729160415	0.547	0.159	0
13	HES1	2.39719662926933	0.818	0.471	0
14	P2RY13	9.69441998479142	0.456	0.001	0
14	MS4A7	9.34677074289862	0.872	0.008	0
14	LYZ	9.26730958743322	0.635	0.006	0
14	MPEG1	9.25954196922114	0.807	0.004	0
14	C1QC	9.20362085935494	0.875	0.012	0
14	CYBB	9.19243589003104	0.834	0.005	0
14	FPR3	9.1865535817339	0.562	0.002	0
14	CD163	9.1184081299072	0.831	0.007	0
14	CD86	9.10376068655058	0.476	0.001	0
14	MSR1	9.09071020036615	0.675	0.004	0
15	PIM1	4.41871741630631	0.854	0.131	0
15	CISH	3.34105001864122	0.344	0.04	0
15	HAS2	3.17612694037016	0.463	0.08	0
15	HSD11B2	3.05105707405303	0.31	0.036	0
15	MAPK8IP1	2.93884886515064	0.251	0.042	0
15	MT2A	2.91650394251256	0.996	0.808	0
15	PGF	2.82763079202404	0.72	0.159	0
15	CTGF	2.8109949297533	0.809	0.498	0
15	MYC	2.77202476755472	0.819	0.258	0
15	MT1E	2.7714264653624	0.926	0.448	0
16	SELP	5.6522358880649	0.484	0.015	0
16	KRT7	5.53829822278165	0.259	0.011	0
16	ELOVL7	5.17888384899958	0.327	0.012	0
16	ACKR1	5.0647201098476	0.941	0.119	0
16	DEGS2	4.39866312395857	0.262	0.018	0
16	ADM5	4.39346570189704	0.302	0.02	0
16	RUNDC3B	3.95237385512927	0.457	0.044	0
16	TSPAN13	3.90261735678912	0.299	0.026	0
16	IL3RA	3.78081321679413	0.553	0.058	0
16	LCN6	3.77491938670367	0.526	0.079	0
17	MALL	0.85002636474892	0.294	0.124	3.83658538951603e-81
17	ACKR1	0.835371538277958	0.393	0.136	2.82223763886092e-192
17	CXorf36	0.706903176501793	0.286	0.122	6.23863314203656e-77
17	TBX1	0.70012561262852	0.406	0.171	1.01011011776357e-109
17	ADCY4	0.686786370511823	0.268	0.123	7.57376442552507e-58
17	VWF	0.66029489135036	0.913	0.388	7.71552765081062e-293
17	SLCO2A1	0.66004067479682	0.262	0.11	7.70282796255955e-72
17	PLVAP	0.657811160742205	0.595	0.237	1.56168811116385e-187
17	ACKR4	0.654087832948564	0.444	0.183	5.64376554225846e-133
17	SERPINE1	0.6482310078652	0.307	0.163	1.61658717273676e-50
18	XCL2	9.56183443574343	0.287	0.001	0
18	GZMA	9.34008057732294	0.786	0.006	0
18	NKG7	9.33248229022997	0.567	0.006	0
18	PRF1	9.29870128790466	0.32	0.002	0
18	GZMK	9.27355107444502	0.593	0.005	0
18	GZMH	9.20210096565294	0.515	0.004	0
18	GZMM	9.13251431534624	0.645	0.004	0
18	CD3E	9.11852684416607	0.779	0.005	0
18	CD8A	9.09987056077474	0.394	0.003	0
18	CST7	9.04118067665765	0.68	0.005	0
19	HIGD1B	8.05093545379163	0.26	0.003	0
19	CCL19	6.28325203162763	0.271	0.013	0
19	STEAP4	6.09907485539764	0.691	0.052	0
19	SSTR2	6.00872345022459	0.349	0.012	0
19	COX4I2	4.88642402970828	0.461	0.03	0
19	GJC1	4.53883841114067	0.285	0.027	0
19	AGT	4.46414215423203	0.368	0.052	0
19	CLSTN2	4.12555786123676	0.392	0.051	0
19	MT1F	4.06670469133205	0.263	0.028	0
19	FAM153B	3.89796945166935	0.338	0.051	0
20	TMEM178A	7.95626948041453	0.556	0.005	0
20	SEMA3G	7.88225487374411	0.674	0.008	0
20	AC004540.4	7.78528704014653	0.303	0.002	0
20	GJA5	6.12308216535677	0.403	0.012	0
20	C19orf33	5.73551432046322	0.357	0.01	0
20	NEBL	5.18745015215199	0.467	0.026	0
20	LINC00982	4.97857724916259	0.363	0.017	0
20	JAG2	4.92010549437648	0.624	0.032	0
20	ENPP2	4.83240744803008	0.465	0.056	0
20	MECOM	4.60772536080385	0.633	0.058	0
21	CLDN1	9.17635427418149	0.393	0.002	0
21	GPC3	7.22697170770012	0.73	0.012	0
21	TENM2	7.15289158981287	0.279	0.004	0
21	ANGPTL7	6.63542491646322	0.566	0.029	0
21	FAM101A	6.3487444031694	0.269	0.007	0
21	CDH19	5.8603498018054	0.326	0.003	0
21	COL9A3	5.69564085825761	0.285	0.011	0
21	FGFBP2	5.65265601057377	0.344	0.018	0
21	FZD2	5.09015098613933	0.423	0.034	0
21	SHISA3	4.98428547228397	0.392	0.029	0
22	ACAN	2.63163180600076	0.528	0.054	0
22	SUSD5	2.30999102151501	0.422	0.046	5.76949869419746e-260
22	ADRA2A	2.27429122321562	0.476	0.055	5.32391141088214e-278
22	RGS5	2.21497377239348	0.847	0.252	1.4597712179578e-205
22	PGAM2	2.21223781160751	0.441	0.053	1.31937310660738e-246
22	KCNA5	2.2109946246391	0.288	0.035	7.18348531313746e-158
22	AKAP6	2.1879848114976	0.255	0.031	1.21591475639756e-136
22	SCUBE3	2.18659709431818	0.269	0.034	5.2019333194685e-138
22	ITIH3	2.18227555084159	0.269	0.031	1.695879174862e-153
22	FRZB	2.18111066616902	0.946	0.199	0
23	CHAD	9.64445611839122	0.501	0.002	0
23	LRRC15	8.99876508020028	0.361	0.001	0
23	NEFL	8.99410980421921	0.273	0.001	0
23	CILP2	8.9115567192296	0.589	0.004	0
23	GREM1	7.55400910898235	0.293	0.003	0
23	CDKN2A	6.92586429920796	0.351	0.007	0
23	THBS4	6.67709867023769	0.925	0.034	0
23	FNDC1	6.62675859439605	0.797	0.024	0
23	SCX	6.01815707752026	0.694	0.032	0
23	ASPN	5.89791068943382	0.767	0.052	0
24	BCL11B	4.07880017714062	0.323	0.008	0
24	ITGAL	4.04143997147143	0.368	0.011	0
24	THEMIS	3.96806069112216	0.314	0.007	0
24	IKZF3	3.77139336659558	0.363	0.011	0
24	CD96	3.71813935134165	0.336	0.01	0
24	SAMD3	3.71526426259186	0.269	0.008	0
24	CD6	3.71006370644331	0.278	0.008	0
24	LCK	3.66799639632883	0.493	0.015	0
24	RASGRP1	3.59772117697736	0.291	0.01	0
24	AC092580.4	3.59609548511466	0.274	0.009	0
25	SOX10	13.1787876131211	0.639	0	0
25	FOXD3	13.1261941663959	0.639	0	0
25	GFRA3	12.9109103704949	0.807	0.001	0
25	NRXN1	12.6592121163503	0.992	0.002	0
25	GRIK3	12.5179392966402	0.286	0	0
25	PCSK2	12.5000365529788	0.731	0.001	0
25	PMP2	12.2624830576454	0.361	0	0
25	FOXD3-AS1	11.8668559745895	0.429	0	0
25	SOX2	11.7596110767636	0.529	0.001	0
25	MT3	11.652618979513	0.328	0	0
